A1=3;
A2=5;
R1=30;
R2=40;
q=0.5;
rho=1.94;
h1=2;
h2=5;
g=32.2;